2
6
1 2 3 -1 4 5
4
-1 -2 -3 -4
2
5
1 2 3 4 6
4
1 3 4 5
2
5 12
1 2 3 7 5
10 15
1 2 3 4 5 6 7 8 9 10
2
5
0 2 1 2 0
3
0 1 0
2
1
1
5
1 3 5 2 2
2
7
1 101 2 3 100 4 5
4
10 5 4 3
3
6
16 17 4 3 5 2
5
1 2 3 4 0
5
7 4 5 7 3
1
6
900  940 950  1100 1500 1800
910 1200 1120 1130 1900 2000
2
9 3
1 2 3 1 4 5 2 3 6
10 4
8 5 10 7 9 4 15 12 90 13
1
5 3
1 2 3 4 5
2
6
7 10 4 3 20 15
3
5
7 10 4 20 15
4
2
4
7 4 0 9
3
6 9 9
1
5
3 2 4 6 5
2
8
3 4 1 9 56 7 9 12
5
7
7 3 2 4 9 12 56
3
2
7
100 180 260 310 40 535 695
10
23 13 25 29 33 19 34 45 65 67
3
4
4 2 5 7
3
11 9 12
6
4 3 2 7 8 9
2
7
4 3 7 8 6 2 1
4
1 4 3 2
1
11
1 1 2 2 3 3 4 50 50 65 65
2
4 6
1 2 3 4 5 6
1 2
3 4
1
11 4
2 1 2 5 7 1 9 3 6 8 8
2 1 8 3
1
4 4
1 2 3 4 5 6 7 8 9 10 11 12 13 14 15 16
1
109
19 14 15 8 1 3 6 12 5 7 17 3 6 8 2 8 18 10 15 7 8 20 8 13 18 9 2 1 1 10 11 8 14 20 14 1 2 15 13 21 6 7 11 1 8 9 18 19 18 4 4 19 9 12 17 13 21 14 13 12 4 13 1 12 18 21 15 5 4 13 7 3 3 18 19 4 21 17 11 3 15 7 5 13 14 17 19 21 2 8 13 20 11 11 2 2 13 16 2 7 3 21 10 9 13 11 9 12 5
2
5
3 30 34 5 9
4
54 546 548 60 Zed puritan
Shaw
37
1
1.2345 Zed
e
Shaw
37
